4470194301413639 3470139772885372 
2288730326870980 1601831846254960 
12800896463757249307 17414412826485972305 
2640216635550758 209745083785365 
3602879701896412 1801439850948262 
1501199875790181 48 
7378697629483819008 12297829382473039873 
4503599627370463 4503599627370385 
4503599627370495 4503599627370493 
4503599627370495 1501199875790165 
1 3 
4503599627370491 4503599627370487 
900719925474099 2001599834386887 
5 9 
3081508778098784 4095958538957850 
3040659269353974 3623539841497046 
3725238382531117594 2419627187308952749 
2640216635550758 209745083785365 
4500095507255625 2915 
4367774561819514 2850 
7378697629483819008 12297829382473039873 
4361123241126832 2636 
1358797303817151 4076391911456715 
2538098175151846 3913949191705552 
4189344965015279 3560835640307623 
2055390649714393 2192877064494335
